{
 "cells": [
  {
   "cell_type": "markdown",
   "metadata": {},
   "source": [
    "Dear Denis, this file contains the original codes of AESM1455 and below my try on solving the system using full fractional flow."
   ]
  },
  {
   "cell_type": "code",
   "execution_count": 307,
   "metadata": {},
   "outputs": [],
   "source": [
    "import numpy as np\n",
    "#import torch as tr\n",
    "import timeit\n",
    "import matplotlib.pyplot as plt\n",
    "\n",
    "def matprint(mat, fmt=\"g\"):\n",
    "    col_maxes = [max([len((\"{:\"+fmt+\"}\").format(x)) for x in col]) for col in mat.T]\n",
    "    for x in mat:\n",
    "        for i, y in enumerate(x):\n",
    "            print((\"{:\"+str(col_maxes[i])+fmt+\"}\").format(y), end=\"  \")\n",
    "        print(\"\")\n",
    "        \n",
    "def vecprint(x, fmt=\"g\"):\n",
    "    for i, y in enumerate(x):\n",
    "        print((\"{:\"+str(i)+fmt+\"}\").format(y), end=\"  \")\n",
    "    print(\"\")    \n",
    "\n",
    "one_d = False\n",
    "\n",
    "#setting geometry\n",
    "nx = 20\n",
    "ny = 20\n",
    "\n",
    "nb = nx * ny # number of blocks\n",
    "nc = 2    # number of equations/unknowns\n",
    "Theta = 50  # V phi dx / k A dt\n",
    "\n",
    "#well settings\n",
    "p_inj = 200\n",
    "p_prod = 100\n",
    "#s_inj = 0.9\n",
    "\n",
    "    #added\n",
    "z_inj = 0.99\n",
    "\n",
    "\n",
    "\n",
    "#well locations\n",
    "i_inj = 0\n",
    "i_prod = nb-1\n",
    "\n",
    "#setting initial conditions\n",
    "#s = np.ones(nb)*0.1\n",
    "p = np.ones(nb)*150\n",
    "\n",
    "    #added\n",
    "z = np.ones(nb) * 0.01\n",
    "\n",
    "\n",
    "#reservoir parameters\n",
    "p_0 = 1\n",
    "c_o = 1e-5\n",
    "c_w = 1e-5\n",
    "c_g = 1e-5\n",
    "rho_o0 = 20\n",
    "rho_g0 = 20\n",
    "rho_w0 = 20\n",
    "mu_o = 2                  #viscosity\n",
    "mu_w = 2                  #viscosity\n",
    "mu_g = 2\n",
    "n_o = 2                   #\n",
    "n_w = 2                   #\n",
    "n_g = 2\n",
    "\n",
    "\n"
   ]
  },
  {
   "cell_type": "code",
   "execution_count": 308,
   "metadata": {},
   "outputs": [
    {
     "name": "stdout",
     "output_type": "stream",
     "text": [
      "0.310344827586204 0.9310344827586121\n",
      "0.310344827586204 0.9310344827586121\n"
     ]
    }
   ],
   "source": [
    "def RachfordRice(z1):\n",
    "\n",
    "    z = np.array([z1, 1-z1])\n",
    "    K = np.array([3, 0.1])\n",
    "    r = lambda v: np.sum(z*(K-1)/(v*(K-1)+1))\n",
    "    a = 1 / (1 - np.max(K))\n",
    "    b = 1 / (1 - np.min(K))\n",
    "\n",
    "    for i in range(1000):\n",
    "        v = 0.5 * (a + b)\n",
    "        if r(v) > 0:\n",
    "            a = v\n",
    "        else:\n",
    "            b = v\n",
    "\n",
    "        if np.abs(r(v)) < 1e-12:\n",
    "            break\n",
    "\n",
    "    x = z/(v*(K-1)+1)\n",
    "    y = K * x\n",
    "\n",
    "    return x, y\n",
    "\n",
    "x, y = RachfordRice(z_inj)\n",
    "x0 = x[0] \n",
    "x2_0 = 1-x[0]\n",
    "y0  = y[0] \n",
    "y2_0 = 1-y[0]\n",
    "print(x0, y0)\n",
    "print(x[0], y[0])"
   ]
  },
  {
   "cell_type": "code",
   "execution_count": 309,
   "metadata": {},
   "outputs": [],
   "source": [
    "# #modified functions\n",
    "\n",
    "# rho_w = lambda p: rho_w0 * (1+c_w*(p-p_0))\n",
    "# rho_o = lambda p: rho_o0 * (1+c_o*(p-p_0))\n",
    "# rho_g = lambda p: rho_g0 * (1+c_g*(p-p_0))\n",
    "\n",
    "# #saturation equation, x and y are always x[0] and y[0] in binary system\n",
    "# s = lambda z : (z - y[0]) / (x[0] - y[0])\n",
    "# f = lambda s: s**2 / (s**2 + 10.*(1-s)**2)\n",
    "# df_ds = lambda s: (f(s + 1e-8) - f(s)) / 1e-8 if s > 0 and s < 1 else 0\n",
    "\n",
    "# a = dict([(0, lambda p, z: rho_w(p) * s(z)),\n",
    "#          (1, lambda p, z: rho_o(p)* (1-s(z)))])\n",
    "\n",
    "\n",
    "\n",
    "# b = dict([(0, lambda p, z: rho_o(p) * (x[0] * f(s(z)) + y[0]*(1-f(s(z))))),\n",
    "#          (1, lambda p, z: rho_o(p) * (x[0] * f(1-s(z)) + y[0]*(1-f(1-s(z)))))])\n",
    "\n",
    "# bh = lambda j, pl, zl, pr, zr: b[j](pl, zl) if pl > pr else b[j](pr, zr)\n",
    "\n",
    "# da_dp = dict([(0, lambda p, z: s(z)* rho_w0 *c_w),\n",
    "#               (1, lambda p, z: (1-s(z))* rho_o0 *c_o)])\n",
    "# da_dz = dict([(0, lambda p, z: rho_w(p)),\n",
    "#               (1, lambda p, z: -rho_o(p))])\n",
    "# db_dp = dict([(0, lambda p, z: (rho_o0 *c_o)* (x[0] * f(s(z)) + y[0]*(1-f(s(z))))),\n",
    "#               (1, lambda p, z: (rho_o0 *c_o)* (x[0] * f(1-s(z)) + y[0]*(1-f(1-s(z)))))])\n",
    "# db_dz = dict([(0, lambda p, z: ( (x[0]-y[0])*df_ds(s(z)) ) * ( 1/(x[0]-y[0])) if s(z) > 0 and s(z) < 1 else 1),\n",
    "#               (1, lambda p, z: ( (x[0]-y[0])*df_ds(1-s(z)) ) * ( 1/(x[0]-y[0])) if (1-s(z)) > 0 and (1-s(z)) < 1 else 1)])\n",
    "\n",
    "# dbh_dpl = lambda j, pl, zl, pr, zr: db_dp[j](pl,zl) if pl > pr else 0\n",
    "# dbh_dpr = lambda j, pl, zl, pr, zr: db_dp[j](pr,zr) if pl < pr else 0\n",
    "# dbh_dzl = lambda j, pl, zl, pr, zr: db_dz[j](pl,zl) if pl > pr else 0\n",
    "# dbh_dzr = lambda j, pl, zl, pr, zr: db_dz[j](pr,zr) if pl < pr else 0"
   ]
  },
  {
   "cell_type": "code",
   "execution_count": 310,
   "metadata": {},
   "outputs": [
    {
     "name": "stdout",
     "output_type": "stream",
     "text": [
      "-0.09500000000001467 1.4838888888888886\n"
     ]
    }
   ],
   "source": [
    "rho_w = lambda p: rho_w0 * (1+c_w*(p-p_0))\n",
    "rho_o = lambda p: rho_o0 * (1+c_o*(p-p_0))\n",
    "rho_g = lambda p: rho_g0 * (1+c_g*(p-p_0))\n",
    "\n",
    "a = dict([(0, lambda p, z: rho_o(p) * z),\n",
    "          (1, lambda p, z: rho_g(p)* (1-z))])\n",
    "\n",
    "b = dict([(0, lambda p, z: rho_o(p)* x0 * (    z**n_o /mu_o)),\n",
    "          (1, lambda p, z: rho_g(p)* y0 * ((1-z)**n_g /mu_g))])\n",
    "\n",
    "da_dp = dict([(0, lambda p, z: z    * rho_o0 *c_o),\n",
    "              (1, lambda p, z: (1-z)* rho_g0 *c_g)])\n",
    "da_dz = dict([(0, lambda p, z:  rho_o(p)),\n",
    "              (1, lambda p, z: -rho_g(p))])\n",
    "db_dp = dict([(0, lambda p, z: rho_o0 * c_o * x0 * (    z**n_o /mu_o)),\n",
    "              (1, lambda p, z: rho_g0 * c_g * y0 * ((1-z)**n_g /mu_g))])\n",
    "db_dz = dict([(0, lambda p, z:   rho_o(p) * x0 *n_o * z**(n_w-1) / mu_o ),\n",
    "              (1, lambda p, z: - rho_g(p) * y0 *n_g * z**(n_o-1) / mu_g )])\n",
    "\n",
    "bh = lambda j, pl, zl, pr, zr: b[j](pl, zl) if pl > pr else b[j](pr, zr)\n",
    "\n",
    "dbh_dpl = lambda j, pl, zl, pr, zr: db_dp[j](pl,zl) if pl > pr else 0\n",
    "dbh_dpr = lambda j, pl, zl, pr, zr: db_dp[j](pr,zr) if pl < pr else 0\n",
    "dbh_dzl = lambda j, pl, zl, pr, zr: db_dz[j](pl,zl) if pl > pr else 0\n",
    "dbh_dzr = lambda j, pl, zl, pr, zr: db_dz[j](pr,zr) if pl < pr else 0"
   ]
  },
  {
   "cell_type": "code",
   "execution_count": 311,
   "metadata": {},
   "outputs": [],
   "source": [
    "# #Original functions of AESM1455\n",
    "\n",
    "# rho_w = lambda p: rho_w0 * (1+c_w*(p-p_0))\n",
    "# rho_o = lambda p: rho_o0 * (1+c_o*(p-p_0))\n",
    "# rho_g = lambda p: rho_g0 * (1+c_g*(p-p_0))\n",
    "\n",
    "# #saturation equation, x and y are always x[0] and y[0] in binary system\n",
    "# s = lambda z : (z - y[0]) / (x[0] - y[0])\n",
    "# f = lambda s: s**2 / (s**2 + 10.*(1-s)**2)\n",
    "# df_ds = lambda s: (f(s + 1e-8) - f(s)) / 1e-8 if s > 0 and s < 1 else 0\n",
    "\n",
    "# a = dict([(0, lambda p, z: rho_o(p) * z),\n",
    "#           (1, lambda p, z: rho_o(p)* (1-z))])\n",
    "\n",
    "# b = dict([(0, lambda p, z: rho_o(p) * (x[0] * f(s(z)) + y[0]*(1-f(s(z))))),\n",
    "#           (1, lambda p, z: rho_o(p) * (x[0] * f(s(1-z)) + y[0]*(1-f(s(1-z)))))])\n",
    "\n",
    "# da_dp = dict([(0, lambda p, z: z* rho_o0 *c_o),\n",
    "#               (1, lambda p, z: (1-z)* rho_o0 *c_o)])\n",
    "# da_dz = dict([(0, lambda p, z: rho_o(p)),\n",
    "#               (1, lambda p, z: -rho_o(p))])\n",
    "# db_dp = dict([(0, lambda p, z: (rho_o0 *c_o)* (x[0] * f(s(z)) + y[0]*(1-f(s(z))))),\n",
    "#               (1, lambda p, z: (rho_o0 *c_o)* (x[0] * f(s(1-z)) + y[0]*(1-f(s(1-z)))))])\n",
    "# db_dz = dict([(0, lambda p, z: ( (x[0]-y[0])*df_ds(s(z)) ) * ( 1/(x[0]-y[0])) if s(z) > 0 and s(z) < 1 else 1),\n",
    "#               (1, lambda p, z: ( (x[0]-y[0])*df_ds(s(1-z)) ) * ( 1/(x[0]-y[0])) if s(1-z) > 0 and s(z) < 1 else 1)])\n",
    "\n",
    "# bh = lambda j, pl, zl, pr, zr: b[j](pl, zl) if pl > pr else b[j](pr, zr)\n",
    "\n",
    "# dbh_dpl = lambda j, pl, zl, pr, zr: db_dp[j](pl,zl) if pl > pr else 0\n",
    "# dbh_dpr = lambda j, pl, zl, pr, zr: db_dp[j](pr,zr) if pl < pr else 0\n",
    "# dbh_dzl = lambda j, pl, zl, pr, zr: db_dz[j](pl,zl) if pl > pr else 0\n",
    "# dbh_dzr = lambda j, pl, zl, pr, zr: db_dz[j](pr,zr) if pl < pr else 0"
   ]
  },
  {
   "cell_type": "code",
   "execution_count": 312,
   "metadata": {},
   "outputs": [],
   "source": [
    "def add_injector(rhs, p, z, i):\n",
    "    for j in [0,1]:\n",
    "        rhs[nc * i+ j] += b[j](p_inj, z_inj) * (p[i] - p_inj)\n",
    "        \n",
    "def add_producer(rhs, p, z, i):\n",
    "    for j in [0,1]:\n",
    "        rhs[nc * i+ j] += b[j](p[i], z[i]) * (p[i] - p_prod)\n",
    "        \n",
    "def add_injector_to_jac(rhs, jac, p, z, i):\n",
    "    for j in [0,1]:\n",
    "        rhs[nc * i+ j] += b[j](p_inj, z_inj) * (p[i] - p_inj)\n",
    "        jac[nc * i+ j, nc * i + 0] += b[j](p_inj, z_inj)\n",
    "        \n",
    "def add_producer_to_jac(rhs, jac, p, z, i):\n",
    "    for j in [0,1]:\n",
    "        rhs[nc * i+ j] += b[j](p[i], z[i]) * (p[i] - p_prod)\n",
    "        jac[nc * i+ j, nc * i + 0] += b[j](p[i], z[i]) + db_dp[j](p[i],z[i]) * (p[i] - p_prod)\n",
    "        jac[nc * i+ j, nc * i + 1] += db_dz[j](p[i],z[i]) * (p[i] - p_prod)\n",
    "        "
   ]
  },
  {
   "cell_type": "code",
   "execution_count": 313,
   "metadata": {},
   "outputs": [],
   "source": [
    "#Building of the jac and RHS, connection based\n",
    "\n",
    "def jac_rhs_analytic_conn(vars, vars_n, Theta):\n",
    "    jac = np.zeros((nc*nb,nc*nb))\n",
    "    rhs = np.zeros(nc*nb)\n",
    "    p = vars[0::nc]\n",
    "    z = vars[1::nc]\n",
    "    pn = vars[0::nc]\n",
    "    zn = vars[1::nc]\n",
    "    \n",
    "    for j in [0,1]:\n",
    "        for i in range(nb):\n",
    "            rhs[nc* i + j] = Theta * (a[j](p[i], z[i]) - a[j](pn[i], zn[i]))\n",
    "            \n",
    "            jac[nc* i + j, nc * i + 0] = Theta * da_dp[j](p[i], z[i])\n",
    "            jac[nc* i + j, nc * i + 1] = Theta * da_dz[j](p[i], z[i])\n",
    "        \n",
    "        for k in range (nconns):\n",
    "            l = lb[k]\n",
    "            r = rb[k]\n",
    "            G = Trans[k]\n",
    "            \n",
    "            Qk = G * bh(j, p[l], z[l], p[r], z[r]) * (p[l] - p[r])\n",
    "            \n",
    "            rhs[nc * l + j] += Qk\n",
    "            rhs[nc * r + j] -= Qk\n",
    "            \n",
    "            dQk_dpl = G *dbh_dpl(j, p[l], z[l], p[r], z[r]) * (p[l] - p[r]) + G * bh(j, p[l], z[l], p[r], z[r])\n",
    "            dQk_dpr = G *dbh_dpr(j, p[l], z[l], p[r], z[r]) * (p[l] - p[r]) - G * bh(j, p[l], z[l], p[r], z[r])\n",
    "            \n",
    "            jac[nc* l + j, nc * l + 0] += dQk_dpl\n",
    "            jac[nc* l + j, nc * r + 0] += dQk_dpr \n",
    "            \n",
    "            jac[nc* r + j, nc * l + 0] -= dQk_dpl\n",
    "            jac[nc* r + j, nc * r + 0] -= dQk_dpr \n",
    "            \n",
    "            dQk_dzl = G *dbh_dzl(j, p[l], z[l], p[r], z[r]) * (p[l] - p[r])\n",
    "            dQk_dzr = G *dbh_dzr(j, p[l], z[l], p[r], z[r]) * (p[l] - p[r])\n",
    "            \n",
    "            jac[nc* l + j, nc * l + 1] += dQk_dzl\n",
    "            jac[nc* l + j, nc * r + 1] += dQk_dzr \n",
    "            \n",
    "            jac[nc* r + j, nc * l + 1] -= dQk_dzl             \n",
    "            jac[nc* r + j, nc * r + 1] -= dQk_dzr \n",
    "            \n",
    "    add_injector(rhs, p, z, i_inj)\n",
    "    add_producer(rhs, p, z, i_prod)\n",
    "    add_injector_to_jac(rhs, jac, p, z, i_inj)\n",
    "    add_producer_to_jac(rhs, jac, p, z, i_prod)\n",
    "    \n",
    "    return rhs, jac"
   ]
  },
  {
   "cell_type": "code",
   "execution_count": 314,
   "metadata": {
    "scrolled": true
   },
   "outputs": [
    {
     "name": "stdout",
     "output_type": "stream",
     "text": [
      "pressure [184.76904384 169.52310478 160.25300081 153.75703257 148.75814438\n",
      " 144.67028136 141.1887835  138.13840353 135.40964069 132.92842554\n",
      " 130.63924177 128.49840821 126.67317978 126.10208105 125.7553095\n",
      " 125.46882169 125.24056004 125.06979222 124.95610382 124.89929654\n",
      " 169.52310478 163.4744512  157.37952676 152.15594264 147.74660772\n",
      " 143.96815211 140.66565239 137.72641376 135.06980063 132.63591324\n",
      " 130.37613654 128.25307245 126.55687073 126.04128104 125.69602278\n",
      " 125.41059407 125.18306457 125.01271135 124.89922139 124.84248807\n",
      " 160.25300081 157.37952676 153.53487282 149.64134897 146.00846938\n",
      " 142.69823052 139.69033868 136.94374408 134.41638031 132.06902363\n",
      " 129.86258227 127.76706894 126.36451525 125.91813302 125.57733808\n",
      " 125.29446545 125.06839111 124.89876574 124.785581   124.72894503\n",
      " 153.75703257 152.15594264 149.64134897 146.77166124 143.8568859\n",
      " 141.03841724 138.36829063 135.85631826 133.49327577 131.25996473\n",
      " 129.12782023 127.09355549 126.1357502  125.73520556 125.40081576\n",
      " 125.12153648 124.89726685 124.72837788 124.6153904  124.55876466\n",
      " 148.75814438 147.74660772 146.00846938 143.8568859  141.52248476\n",
      " 139.1465408  136.80569156 134.53628373 132.3505687  130.24503865\n",
      " 128.20845214 126.45176325 125.8742154  125.49617482 125.1691884\n",
      " 124.89359555 124.67075994 124.50208676 124.38883644 124.33195703\n",
      " 144.67028136 143.96815211 142.69823052 141.03841724 139.1465408\n",
      " 137.13871572 135.09113496 133.04900917 131.03465048 129.05020261\n",
      " 127.09286059 125.99332573 125.57162232 125.20689839 124.88616497\n",
      " 124.61289487 124.39008833 124.22037077 124.1059097  124.04826823\n",
      " 141.1887835  140.66565239 139.69033868 138.36829063 136.80569156\n",
      " 135.09113496 133.29038168 131.44722607 129.58719742 127.72419455\n",
      " 126.13706876 125.62014783 125.23044539 124.87364601 124.55567507\n",
      " 124.28172779 124.0563252  123.88339593 123.76616117 123.70693588\n",
      " 138.13840353 137.72641376 136.94374408 135.85631826 134.53628373\n",
      " 133.04900917 131.44722607 129.76617424 128.02836456 126.33103304\n",
      " 125.64510828 125.23967    124.85675178 124.50156154 124.18115805\n",
      " 123.90201282 123.67008584 123.49072387 123.36840063 123.30637577\n",
      " 135.40964069 135.06980063 134.41638031 133.49327577 132.3505687\n",
      " 131.03465048 129.58719742 128.02836456 126.43387255 125.65534593\n",
      " 125.23993852 124.8396122  124.45532748 124.0946862  123.76537895\n",
      " 123.47507603 123.23127814 123.04100991 122.91033869 122.8437879\n",
      " 132.92842554 132.63591324 132.06902363 131.25996473 130.24503865\n",
      " 129.05020261 127.72419455 126.33103304 125.65534593 125.23879587\n",
      " 124.82858391 124.42351483 124.03025512 123.65647239 123.31059129\n",
      " 123.00163017 122.73893692 122.53169525 122.38815276 122.31464578\n",
      " 130.63924177 130.37613654 129.86258227 129.12782023 128.20845214\n",
      " 127.09286059 126.13706876 125.64510828 125.23993852 124.82858391\n",
      " 124.41209479 123.99560312 123.58570087 123.19035215 122.81887897\n",
      " 122.48191188 122.19113968 121.95867708 121.79592711 121.71199256\n",
      " 128.49840821 128.25307245 127.76706894 127.09355549 126.45176325\n",
      " 125.99332573 125.62014783 125.23967    124.8396122  124.42351483\n",
      " 123.99560312 123.56109684 123.12658791 122.7003512  122.29265537\n",
      " 121.91599349 121.58502768 121.31594114 121.12488097 121.0253998\n",
      " 126.67317978 126.55687073 126.36451525 126.1357502  125.8742154\n",
      " 125.57162232 125.23044539 124.85675178 124.45532748 124.03025512\n",
      " 123.58570087 123.12658791 122.65919726 122.19180371 121.735392\n",
      " 121.30437305 120.91703031 120.59517269 120.36224969 120.2393198\n",
      " 126.10208105 126.04128104 125.91813302 125.73520556 125.49617482\n",
      " 125.20689839 124.87364601 124.50156154 124.0946862  123.65647239\n",
      " 123.19035215 122.7003512  122.19180371 121.6722682  121.15272931\n",
      " 120.64906946 120.18354056 119.78546211 119.48961766 119.33030232\n",
      " 125.7553095  125.69602278 125.57733808 125.40081576 125.1691884\n",
      " 124.88616497 124.55567507 124.18115805 123.76537895 123.31059129\n",
      " 122.81887897 122.29265537 121.735392   121.15272931 120.55418015\n",
      " 119.95562675 119.38259154 118.87350809 118.48044676 118.26195973\n",
      " 125.46882169 125.41059407 125.29446545 125.12153648 124.89359555\n",
      " 124.61289487 124.28172779 123.90201282 123.47507603 123.00163017\n",
      " 122.48191188 121.91599349 121.30437305 120.64906946 119.95562675\n",
      " 119.23665616 118.51767975 117.84551979 117.29668855 116.97511696\n",
      " 125.24056004 125.18306457 125.06839111 124.89726685 124.67075994\n",
      " 124.39008833 124.0563252  123.67008584 123.23127814 122.73893692\n",
      " 122.19113968 121.58502768 120.91703031 120.18354056 119.38259154\n",
      " 118.51767975 117.60593755 116.69418639 115.88565237 115.36668371\n",
      " 125.06979222 125.01271135 124.89876574 124.72837788 124.50208676\n",
      " 124.22037077 123.88339593 123.49072387 123.04100991 122.53169525\n",
      " 121.95867708 121.31594114 120.59517269 119.78546211 118.87350809\n",
      " 117.84551979 116.69418639 115.43961293 114.18502302 113.23925184\n",
      " 124.95610382 124.89922139 124.785581   124.6153904  124.38883644\n",
      " 124.1059097  123.76616117 123.36840063 122.91033869 122.38815276\n",
      " 121.79592711 121.12488097 120.36224969 119.48961766 118.48044676\n",
      " 117.29668855 115.88565237 114.18502302 112.17552866 110.16599291\n",
      " 124.89929654 124.84248807 124.72894503 124.55876466 124.33195703\n",
      " 124.04826823 123.70693588 123.30637577 122.8437879  122.31464578\n",
      " 121.71199256 121.0253998  120.2393198  119.33030232 118.26195973\n",
      " 116.97511696 115.36668371 113.23925184 110.16599291 105.0830607 ]\n",
      "z [0.98959332 0.98724462 0.98180339 0.97351342 0.96284417 0.94999571\n",
      " 0.93484257 0.91679268 0.89428921 0.86309072 0.80846705 0.64887831\n",
      " 0.1726775  0.01148817 0.01000329 0.01000244 0.01000246 0.01000248\n",
      " 0.01000249 0.0100025  0.98724462 0.98335946 0.97712126 0.96863409\n",
      " 0.95803808 0.94534958 0.93034565 0.91234578 0.88962333 0.85740459\n",
      " 0.79835962 0.61007222 0.12481295 0.01065166 0.01000277 0.01000245\n",
      " 0.01000247 0.01000249 0.0100025  0.0100025  0.98180339 0.97712126\n",
      " 0.97045598 0.96184711 0.95130635 0.93874126 0.92382844 0.90574571\n",
      " 0.88244313 0.84804596 0.77921765 0.52502357 0.0639848  0.01013487\n",
      " 0.0100025  0.01000246 0.01000248 0.0100025  0.01000251 0.01000251\n",
      " 0.97351342 0.96863409 0.96184711 0.95322602 0.94274773 0.93025151\n",
      " 0.91530285 0.89685706 0.87226614 0.83337507 0.74220163 0.36407823\n",
      " 0.02292552 0.01001496 0.01000245 0.01000247 0.0100025  0.01000251\n",
      " 0.01000253 0.01000253 0.96284417 0.95803808 0.95130635 0.94274773\n",
      " 0.93231959 0.91978967 0.90456317 0.88520546 0.85787414 0.80912621\n",
      " 0.65872692 0.15858379 0.01110796 0.01000306 0.01000247 0.0100025\n",
      " 0.01000252 0.01000254 0.01000255 0.01000255 0.94999571 0.94534958\n",
      " 0.93874126 0.93025151 0.91978967 0.90700212 0.89100293 0.86956594\n",
      " 0.83605429 0.76145457 0.44067998 0.03193976 0.01002785 0.01000248\n",
      " 0.0100025  0.01000253 0.01000255 0.01000256 0.01000258 0.01000258\n",
      " 0.93484257 0.93034565 0.92382844 0.91530285 0.90456317 0.89100293\n",
      " 0.87310103 0.84667718 0.79657405 0.62806262 0.1210601  0.01050389\n",
      " 0.01000272 0.0100025  0.01000253 0.01000256 0.01000258 0.0100026\n",
      " 0.01000261 0.01000262 0.91679268 0.91234578 0.90574571 0.89685706\n",
      " 0.88520546 0.86956594 0.84667718 0.80579269 0.69124981 0.24758318\n",
      " 0.01332392 0.01000455 0.0100025  0.01000254 0.01000257 0.0100026\n",
      " 0.01000262 0.01000264 0.01000265 0.01000266 0.89428921 0.88962333\n",
      " 0.88244313 0.87226614 0.85787414 0.83605429 0.79657405 0.69124981\n",
      " 0.30385322 0.01795811 0.01000944 0.01000251 0.01000254 0.01000258\n",
      " 0.01000261 0.01000264 0.01000266 0.01000268 0.01000269 0.0100027\n",
      " 0.86309072 0.85740459 0.84804596 0.83337507 0.80912621 0.76145457\n",
      " 0.62806262 0.24758318 0.01795811 0.01001275 0.01000251 0.01000254\n",
      " 0.01000258 0.01000262 0.01000265 0.01000268 0.01000271 0.01000273\n",
      " 0.01000275 0.01000275 0.80846705 0.79835962 0.77921765 0.74220163\n",
      " 0.65872692 0.44067998 0.1210601  0.01332392 0.01000944 0.01000251\n",
      " 0.01000254 0.01000259 0.01000263 0.01000267 0.0100027  0.01000274\n",
      " 0.01000276 0.01000279 0.0100028  0.01000281 0.64887831 0.61007222\n",
      " 0.52502357 0.36407823 0.15858379 0.03193976 0.01050389 0.01000455\n",
      " 0.01000251 0.01000254 0.01000259 0.01000263 0.01000267 0.01000271\n",
      " 0.01000275 0.01000279 0.01000282 0.01000285 0.01000287 0.01000288\n",
      " 0.1726775  0.12481295 0.0639848  0.02292552 0.01110796 0.01002785\n",
      " 0.01000272 0.0100025  0.01000254 0.01000258 0.01000263 0.01000267\n",
      " 0.01000272 0.01000276 0.01000281 0.01000285 0.01000289 0.01000292\n",
      " 0.01000294 0.01000296 0.01148817 0.01065166 0.01013487 0.01001496\n",
      " 0.01000306 0.01000248 0.0100025  0.01000254 0.01000258 0.01000262\n",
      " 0.01000267 0.01000271 0.01000276 0.01000281 0.01000287 0.01000292\n",
      " 0.01000296 0.010003   0.01000303 0.01000305 0.01000329 0.01000277\n",
      " 0.0100025  0.01000245 0.01000247 0.0100025  0.01000253 0.01000257\n",
      " 0.01000261 0.01000265 0.0100027  0.01000275 0.01000281 0.01000287\n",
      " 0.01000292 0.01000298 0.01000304 0.01000309 0.01000313 0.01000315\n",
      " 0.01000244 0.01000245 0.01000246 0.01000247 0.0100025  0.01000253\n",
      " 0.01000256 0.0100026  0.01000264 0.01000268 0.01000274 0.01000279\n",
      " 0.01000285 0.01000292 0.01000298 0.01000305 0.01000312 0.01000319\n",
      " 0.01000324 0.01000327 0.01000246 0.01000247 0.01000248 0.0100025\n",
      " 0.01000252 0.01000255 0.01000258 0.01000262 0.01000266 0.01000271\n",
      " 0.01000276 0.01000282 0.01000289 0.01000296 0.01000304 0.01000312\n",
      " 0.01000321 0.0100033  0.01000337 0.01000342 0.01000248 0.01000249\n",
      " 0.0100025  0.01000251 0.01000254 0.01000256 0.0100026  0.01000264\n",
      " 0.01000268 0.01000273 0.01000279 0.01000285 0.01000292 0.010003\n",
      " 0.01000309 0.01000319 0.0100033  0.01000342 0.01000353 0.01000362\n",
      " 0.01000249 0.0100025  0.01000251 0.01000253 0.01000255 0.01000258\n",
      " 0.01000261 0.01000265 0.01000269 0.01000275 0.0100028  0.01000287\n",
      " 0.01000294 0.01000303 0.01000313 0.01000324 0.01000337 0.01000353\n",
      " 0.01000371 0.01000387 0.0100025  0.0100025  0.01000251 0.01000253\n",
      " 0.01000255 0.01000258 0.01000262 0.01000266 0.0100027  0.01000275\n",
      " 0.01000281 0.01000288 0.01000296 0.01000305 0.01000315 0.01000327\n",
      " 0.01000342 0.01000362 0.01000387 0.01000416]\n",
      "CPU = 85.019 sec\n"
     ]
    }
   ],
   "source": [
    "#defining connections and solving iteration system, theta_ref included to try and find stability..\n",
    "\n",
    "start = timeit.default_timer()\n",
    "\n",
    "vars = np.zeros(nc * nb)\n",
    "vars[0::nc] = p\n",
    "vars[1::nc] = z\n",
    "\n",
    "if one_d:\n",
    "    nconns = nb - 1\n",
    "    lb = np.arange(nconns)\n",
    "    rb = lb + 1\n",
    "    Trans = np.ones(nconns)\n",
    "\n",
    "else:\n",
    "    nconns = (nx -1) *ny + nx * (ny - 1)\n",
    "    lb = np.zeros(nconns, dtype=np.int32)\n",
    "    rb = np.zeros(nconns, dtype=np.int32)\n",
    "    Trans = np.ones(nconns)\n",
    "    \n",
    "    for i in range(nx-1):\n",
    "        for j in range(ny):\n",
    "            k = i + j * (nx - 1)\n",
    "            lb[k] = i + j * nx\n",
    "            rb[k] = i + j * nx + 1\n",
    "            \n",
    "    shift = (nx -1) * ny\n",
    "    for i in range(nx):\n",
    "        for j in range(ny-1):\n",
    "            k = shift + i + j * nx\n",
    "            lb[k] = i + j * nx\n",
    "            rb[k] = i + j * nx + nx\n",
    "\n",
    "for t in range(100):\n",
    "    vars_n = np.array(vars, copy='True')\n",
    "    \n",
    "    theta_ref = Theta \n",
    "    for k in range(10):\n",
    "        #rhs, jac = jac_numeric(vars, vars_n)\n",
    "        #rhs, jac = jac_analytic(vars, vars_n)\n",
    "        rhs, jac = jac_rhs_analytic_conn(vars, vars_n, theta_ref)\n",
    "         \n",
    "        #matprint(jac)\n",
    "        #print('')\n",
    "#         matprint(jac2)\n",
    "#         print('')\n",
    "#         vecprint(rhs)\n",
    "#         print('')\n",
    "#         vecprint(rhs1)\n",
    "#         print('')\n",
    "        \n",
    "        res = np.linalg.norm(rhs)\n",
    "        if res < 1e-3:\n",
    "            print(\"T = %d, iter = %d, res = %e\" % (t+1,k,res))\n",
    "            break\n",
    "        \n",
    "        dx = np.linalg.solve(jac, -rhs)\n",
    "        \n",
    "        vars += dx\n",
    "        theta_ref = Theta   \n",
    "    \n",
    "    #fig.canvas.draw()\n",
    "print('pressure', vars[0::nc])\n",
    "print('z', vars[1::nc])\n",
    "\n",
    "stop = timeit.default_timer()\n",
    "\n",
    "print('CPU = %5.3f sec' % (stop - start))"
   ]
  },
  {
   "cell_type": "code",
   "execution_count": 333,
   "metadata": {
    "scrolled": false
   },
   "outputs": [
    {
     "data": {
      "application/javascript": [
       "/* Put everything inside the global mpl namespace */\n",
       "/* global mpl */\n",
       "window.mpl = {};\n",
       "\n",
       "mpl.get_websocket_type = function () {\n",
       "    if (typeof WebSocket !== 'undefined') {\n",
       "        return WebSocket;\n",
       "    } else if (typeof MozWebSocket !== 'undefined') {\n",
       "        return MozWebSocket;\n",
       "    } else {\n",
       "        alert(\n",
       "            'Your browser does not have WebSocket support. ' +\n",
       "                'Please try Chrome, Safari or Firefox ≥ 6. ' +\n",
       "                'Firefox 4 and 5 are also supported but you ' +\n",
       "                'have to enable WebSockets in about:config.'\n",
       "        );\n",
       "    }\n",
       "};\n",
       "\n",
       "mpl.figure = function (figure_id, websocket, ondownload, parent_element) {\n",
       "    this.id = figure_id;\n",
       "\n",
       "    this.ws = websocket;\n",
       "\n",
       "    this.supports_binary = this.ws.binaryType !== undefined;\n",
       "\n",
       "    if (!this.supports_binary) {\n",
       "        var warnings = document.getElementById('mpl-warnings');\n",
       "        if (warnings) {\n",
       "            warnings.style.display = 'block';\n",
       "            warnings.textContent =\n",
       "                'This browser does not support binary websocket messages. ' +\n",
       "                'Performance may be slow.';\n",
       "        }\n",
       "    }\n",
       "\n",
       "    this.imageObj = new Image();\n",
       "\n",
       "    this.context = undefined;\n",
       "    this.message = undefined;\n",
       "    this.canvas = undefined;\n",
       "    this.rubberband_canvas = undefined;\n",
       "    this.rubberband_context = undefined;\n",
       "    this.format_dropdown = undefined;\n",
       "\n",
       "    this.image_mode = 'full';\n",
       "\n",
       "    this.root = document.createElement('div');\n",
       "    this.root.setAttribute('style', 'display: inline-block');\n",
       "    this._root_extra_style(this.root);\n",
       "\n",
       "    parent_element.appendChild(this.root);\n",
       "\n",
       "    this._init_header(this);\n",
       "    this._init_canvas(this);\n",
       "    this._init_toolbar(this);\n",
       "\n",
       "    var fig = this;\n",
       "\n",
       "    this.waiting = false;\n",
       "\n",
       "    this.ws.onopen = function () {\n",
       "        fig.send_message('supports_binary', { value: fig.supports_binary });\n",
       "        fig.send_message('send_image_mode', {});\n",
       "        if (fig.ratio !== 1) {\n",
       "            fig.send_message('set_dpi_ratio', { dpi_ratio: fig.ratio });\n",
       "        }\n",
       "        fig.send_message('refresh', {});\n",
       "    };\n",
       "\n",
       "    this.imageObj.onload = function () {\n",
       "        if (fig.image_mode === 'full') {\n",
       "            // Full images could contain transparency (where diff images\n",
       "            // almost always do), so we need to clear the canvas so that\n",
       "            // there is no ghosting.\n",
       "            fig.context.clearRect(0, 0, fig.canvas.width, fig.canvas.height);\n",
       "        }\n",
       "        fig.context.drawImage(fig.imageObj, 0, 0);\n",
       "    };\n",
       "\n",
       "    this.imageObj.onunload = function () {\n",
       "        fig.ws.close();\n",
       "    };\n",
       "\n",
       "    this.ws.onmessage = this._make_on_message_function(this);\n",
       "\n",
       "    this.ondownload = ondownload;\n",
       "};\n",
       "\n",
       "mpl.figure.prototype._init_header = function () {\n",
       "    var titlebar = document.createElement('div');\n",
       "    titlebar.classList =\n",
       "        'ui-dialog-titlebar ui-widget-header ui-corner-all ui-helper-clearfix';\n",
       "    var titletext = document.createElement('div');\n",
       "    titletext.classList = 'ui-dialog-title';\n",
       "    titletext.setAttribute(\n",
       "        'style',\n",
       "        'width: 100%; text-align: center; padding: 3px;'\n",
       "    );\n",
       "    titlebar.appendChild(titletext);\n",
       "    this.root.appendChild(titlebar);\n",
       "    this.header = titletext;\n",
       "};\n",
       "\n",
       "mpl.figure.prototype._canvas_extra_style = function (_canvas_div) {};\n",
       "\n",
       "mpl.figure.prototype._root_extra_style = function (_canvas_div) {};\n",
       "\n",
       "mpl.figure.prototype._init_canvas = function () {\n",
       "    var fig = this;\n",
       "\n",
       "    var canvas_div = (this.canvas_div = document.createElement('div'));\n",
       "    canvas_div.setAttribute(\n",
       "        'style',\n",
       "        'border: 1px solid #ddd;' +\n",
       "            'box-sizing: content-box;' +\n",
       "            'clear: both;' +\n",
       "            'min-height: 1px;' +\n",
       "            'min-width: 1px;' +\n",
       "            'outline: 0;' +\n",
       "            'overflow: hidden;' +\n",
       "            'position: relative;' +\n",
       "            'resize: both;'\n",
       "    );\n",
       "\n",
       "    function on_keyboard_event_closure(name) {\n",
       "        return function (event) {\n",
       "            return fig.key_event(event, name);\n",
       "        };\n",
       "    }\n",
       "\n",
       "    canvas_div.addEventListener(\n",
       "        'keydown',\n",
       "        on_keyboard_event_closure('key_press')\n",
       "    );\n",
       "    canvas_div.addEventListener(\n",
       "        'keyup',\n",
       "        on_keyboard_event_closure('key_release')\n",
       "    );\n",
       "\n",
       "    this._canvas_extra_style(canvas_div);\n",
       "    this.root.appendChild(canvas_div);\n",
       "\n",
       "    var canvas = (this.canvas = document.createElement('canvas'));\n",
       "    canvas.classList.add('mpl-canvas');\n",
       "    canvas.setAttribute('style', 'box-sizing: content-box;');\n",
       "\n",
       "    this.context = canvas.getContext('2d');\n",
       "\n",
       "    var backingStore =\n",
       "        this.context.backingStorePixelRatio ||\n",
       "        this.context.webkitBackingStorePixelRatio ||\n",
       "        this.context.mozBackingStorePixelRatio ||\n",
       "        this.context.msBackingStorePixelRatio ||\n",
       "        this.context.oBackingStorePixelRatio ||\n",
       "        this.context.backingStorePixelRatio ||\n",
       "        1;\n",
       "\n",
       "    this.ratio = (window.devicePixelRatio || 1) / backingStore;\n",
       "\n",
       "    var rubberband_canvas = (this.rubberband_canvas = document.createElement(\n",
       "        'canvas'\n",
       "    ));\n",
       "    rubberband_canvas.setAttribute(\n",
       "        'style',\n",
       "        'box-sizing: content-box; position: absolute; left: 0; top: 0; z-index: 1;'\n",
       "    );\n",
       "\n",
       "    // Apply a ponyfill if ResizeObserver is not implemented by browser.\n",
       "    if (this.ResizeObserver === undefined) {\n",
       "        if (window.ResizeObserver !== undefined) {\n",
       "            this.ResizeObserver = window.ResizeObserver;\n",
       "        } else {\n",
       "            var obs = _JSXTOOLS_RESIZE_OBSERVER({});\n",
       "            this.ResizeObserver = obs.ResizeObserver;\n",
       "        }\n",
       "    }\n",
       "\n",
       "    this.resizeObserverInstance = new this.ResizeObserver(function (entries) {\n",
       "        var nentries = entries.length;\n",
       "        for (var i = 0; i < nentries; i++) {\n",
       "            var entry = entries[i];\n",
       "            var width, height;\n",
       "            if (entry.contentBoxSize) {\n",
       "                if (entry.contentBoxSize instanceof Array) {\n",
       "                    // Chrome 84 implements new version of spec.\n",
       "                    width = entry.contentBoxSize[0].inlineSize;\n",
       "                    height = entry.contentBoxSize[0].blockSize;\n",
       "                } else {\n",
       "                    // Firefox implements old version of spec.\n",
       "                    width = entry.contentBoxSize.inlineSize;\n",
       "                    height = entry.contentBoxSize.blockSize;\n",
       "                }\n",
       "            } else {\n",
       "                // Chrome <84 implements even older version of spec.\n",
       "                width = entry.contentRect.width;\n",
       "                height = entry.contentRect.height;\n",
       "            }\n",
       "\n",
       "            // Keep the size of the canvas and rubber band canvas in sync with\n",
       "            // the canvas container.\n",
       "            if (entry.devicePixelContentBoxSize) {\n",
       "                // Chrome 84 implements new version of spec.\n",
       "                canvas.setAttribute(\n",
       "                    'width',\n",
       "                    entry.devicePixelContentBoxSize[0].inlineSize\n",
       "                );\n",
       "                canvas.setAttribute(\n",
       "                    'height',\n",
       "                    entry.devicePixelContentBoxSize[0].blockSize\n",
       "                );\n",
       "            } else {\n",
       "                canvas.setAttribute('width', width * fig.ratio);\n",
       "                canvas.setAttribute('height', height * fig.ratio);\n",
       "            }\n",
       "            canvas.setAttribute(\n",
       "                'style',\n",
       "                'width: ' + width + 'px; height: ' + height + 'px;'\n",
       "            );\n",
       "\n",
       "            rubberband_canvas.setAttribute('width', width);\n",
       "            rubberband_canvas.setAttribute('height', height);\n",
       "\n",
       "            // And update the size in Python. We ignore the initial 0/0 size\n",
       "            // that occurs as the element is placed into the DOM, which should\n",
       "            // otherwise not happen due to the minimum size styling.\n",
       "            if (fig.ws.readyState == 1 && width != 0 && height != 0) {\n",
       "                fig.request_resize(width, height);\n",
       "            }\n",
       "        }\n",
       "    });\n",
       "    this.resizeObserverInstance.observe(canvas_div);\n",
       "\n",
       "    function on_mouse_event_closure(name) {\n",
       "        return function (event) {\n",
       "            return fig.mouse_event(event, name);\n",
       "        };\n",
       "    }\n",
       "\n",
       "    rubberband_canvas.addEventListener(\n",
       "        'mousedown',\n",
       "        on_mouse_event_closure('button_press')\n",
       "    );\n",
       "    rubberband_canvas.addEventListener(\n",
       "        'mouseup',\n",
       "        on_mouse_event_closure('button_release')\n",
       "    );\n",
       "    rubberband_canvas.addEventListener(\n",
       "        'dblclick',\n",
       "        on_mouse_event_closure('dblclick')\n",
       "    );\n",
       "    // Throttle sequential mouse events to 1 every 20ms.\n",
       "    rubberband_canvas.addEventListener(\n",
       "        'mousemove',\n",
       "        on_mouse_event_closure('motion_notify')\n",
       "    );\n",
       "\n",
       "    rubberband_canvas.addEventListener(\n",
       "        'mouseenter',\n",
       "        on_mouse_event_closure('figure_enter')\n",
       "    );\n",
       "    rubberband_canvas.addEventListener(\n",
       "        'mouseleave',\n",
       "        on_mouse_event_closure('figure_leave')\n",
       "    );\n",
       "\n",
       "    canvas_div.addEventListener('wheel', function (event) {\n",
       "        if (event.deltaY < 0) {\n",
       "            event.step = 1;\n",
       "        } else {\n",
       "            event.step = -1;\n",
       "        }\n",
       "        on_mouse_event_closure('scroll')(event);\n",
       "    });\n",
       "\n",
       "    canvas_div.appendChild(canvas);\n",
       "    canvas_div.appendChild(rubberband_canvas);\n",
       "\n",
       "    this.rubberband_context = rubberband_canvas.getContext('2d');\n",
       "    this.rubberband_context.strokeStyle = '#000000';\n",
       "\n",
       "    this._resize_canvas = function (width, height, forward) {\n",
       "        if (forward) {\n",
       "            canvas_div.style.width = width + 'px';\n",
       "            canvas_div.style.height = height + 'px';\n",
       "        }\n",
       "    };\n",
       "\n",
       "    // Disable right mouse context menu.\n",
       "    this.rubberband_canvas.addEventListener('contextmenu', function (_e) {\n",
       "        event.preventDefault();\n",
       "        return false;\n",
       "    });\n",
       "\n",
       "    function set_focus() {\n",
       "        canvas.focus();\n",
       "        canvas_div.focus();\n",
       "    }\n",
       "\n",
       "    window.setTimeout(set_focus, 100);\n",
       "};\n",
       "\n",
       "mpl.figure.prototype._init_toolbar = function () {\n",
       "    var fig = this;\n",
       "\n",
       "    var toolbar = document.createElement('div');\n",
       "    toolbar.classList = 'mpl-toolbar';\n",
       "    this.root.appendChild(toolbar);\n",
